

avec BadFibonnaciRecursion

/home/ubuntu>vmstat 1
procs ----------mémoire---------- -échange- -----io---- -système- ------cpu-----
 r  b   swpd  libre tampon  cache     si   so    bi    bo   in   cs us sy id wa st
 0  0      0 4791132 307928 1456836    0    0   105    30  194  824  8  1 91  0  0
 0  0      0 4790744 307928 1456836    0    0     0     0  303 1693  2  1 97  0  0
 0  0      0 4790620 307928 1456836    0    0     0     0  191 1126  4  1 96  0  0
 0  0      0 4801780 307928 1445324    0    0     0     0  251 1446  4  3 93  0  0
 9  0      0 4755184 307928 1445324    0    0     0     0 1169 3164 61  1 38  0  0
65  0      0 4738100 307928 1448120    0    0     0     0 1786 5858 99  1  0  0  0
84  0      0 4731528 307928 1448120    0    0     0     0 1541 5206 96  4  0  0  0
80  0      0 4730536 307928 1448120    0    0     0     0 1303 2849 99  1  0  0  0
41  0      0 4730308 307928 1448120    0    0     0     0 1154 1449 100 0  0  0  0
16  0      0 4730272 307936 1448128    0    0     0    12 1266 1590 96  4  0  0  0
 0  0      0 4730040 307936 1448136    0    0     0     0  375  860 22  0 78  0  0
 0  0      0 4730288 307936 1448136    0    0     0     0  153  684  2  1 97  0  0
 0  0      0 4730164 307936 1448136    0    0     0     0  448 1355  4  4 93  0  0
 0  0      0 4733760 307936 1444496    0    0     0     0  460  869  2  1 97  0  0

